214
4737
4137
3300
3197
2978
2789
2706
2669
2598
2550
2525
2483
2442
2435
2422
2403
2380
2343
2115
2086
2039
1974
1953
1940
1920
1915
1856
1837
1795
1752
1749
1735
1695
1684
1625
1576
1568
1529
1491
1431
1224
1188
1179
1168
1113
1091
1042
1038
1032
1032
985
931
922
921
910
849
842
838
831
789
783
761
747
729
714
712
710
706
698
697
690
684
656
651
643
635
627
616
591
570
561
552
545
535
520
514
511
504
497
496
485
471
471
455
449
448
421
418
410
410
400
399
399
399
396
389
376
375
374
372
366
365
354
327
326
323
321
320
319
316
315
309
304
304
304
294
291
283
278
273
267
267
262
258
257
253
252
251
250
248
242
242
242
241
237
228
227
226
224
222
222
218
215
207
200
198
196
195
194
193
190
189
189
189
188
187
184
184
182
179
171
169
164
163
163
157
153
149
147
147
146
137
136
127
117
112
112
111
109
102
97
96
94
88
87
84
65
63
45
44
40
36
32
32
32
25
22
21
20
17
16
15
14
4
